J =  492.38
J =  0.098476
s =  54.342
J =  0.099019
grad =

  -111.77849
     0.00000
     0.00000
     0.00000
     0.00001
    -0.00039
     0.00130
     0.00040
     0.00046
     0.01895
     0.00775
    -0.00068
    -0.00083
    -0.00064
    -0.00045
    -0.00195
    -0.00061
    -0.00045
    -0.00006
     0.00001
     0.00000
     0.00000
     0.00000
     0.00001
    -0.00063
     0.00431
    -0.00109
     0.00607
     0.09062
     0.20776
     0.09061
     0.02843
     0.04330
     0.02304
     0.00148
     0.02212
     0.00871
     0.00362
     0.00004
     0.00615
     0.00386
    -0.00000
    -0.00001
    -0.00014
     0.00115
     0.02800
     0.05689
     0.05074
     0.85583
     1.49790
     0.28639
    -0.21518
    -0.00511
    -0.15562
    -0.32974
    -0.31131
     0.02282
     0.04353
     0.09831
    -0.03852
    -0.05617
    -0.00000
    -0.00019
    -0.00038
     0.01893
     0.12756
     0.23599
     0.01203
    -0.40959
    -1.32749
    -2.12505
    -2.64222
    -2.95300
    -1.34722
     0.18444
     0.24346
     0.19482
     0.04953
    -0.36713
    -0.42837
    -0.08145
     0.00000
    -0.00015
    -0.00305
     0.03691
     0.23096
    -0.14850
    -2.21637
    -6.12425
   -10.66601
   -11.23826
    -9.81825
    -8.11156
    -4.58701
    -1.33897
    -0.97138
    -0.48272
    -0.26688
    -2.08521
    -2.06178
    -0.14766
    -0.00000
    -0.00044
    -0.00896
     0.15286
     0.29515
    -3.19081
   -10.28128
   -20.21082
   -32.40786
   -39.09863
   -33.69542
   -20.77790
    -9.36165
    -4.58265
    -3.38353
    -3.64765
    -5.64584
    -8.03163
    -6.10382
    -0.72341
    -0.00021
    -0.00211
    -0.00361
     0.31859
    -0.46483
    -9.95856
   -28.20035
   -49.89421
   -63.04217
   -62.98465
   -52.35495
   -37.85768
   -19.43780
    -7.99999
    -4.34216
    -8.63646
   -14.16629
   -15.68134
   -11.40792
    -1.34656
     0.00190
     0.01713
     0.00176
     0.36511
    -4.86048
   -27.27274
   -58.18355
   -73.09586
   -63.19824
   -54.29500
   -53.88503
   -47.64715
   -27.57890
   -13.24760
   -10.77447
   -19.07809
   -24.46901
   -26.01952
   -15.27862
    -0.88046
     0.00743
     0.07999
     0.17514
    -1.24075
   -13.30112
   -51.14845
   -76.21651
   -56.73937
   -32.22962
   -35.46862
   -50.92489
   -49.43570
   -31.45209
   -21.49251
   -24.46643
   -33.97762
   -37.36094
   -32.54088
   -16.80345
    -0.76741
     0.00393
     0.12970
     0.45765
    -0.79292
   -25.40178
   -73.37985
   -69.86669
   -28.05934
   -13.13012
   -31.31343
   -55.15726
   -51.95658
   -40.83326
   -38.74524
   -43.71043
   -46.62480
   -42.90844
   -32.49808
   -15.94011
    -0.52195
    -0.00152
     0.16796
     0.39165
    -0.61116
   -38.73863
   -84.00849
   -55.26726
   -16.65947
   -16.42750
   -42.67323
   -64.93397
   -64.21067
   -64.61234
   -61.62930
   -54.46182
   -46.47663
   -37.84168
   -27.53163
   -14.59699
    -1.41839
    -0.00171
     0.12994
     0.46527
    -1.02923
   -41.57801
   -84.72157
   -52.70096
   -26.21063
   -40.46036
   -69.20024
   -87.90769
   -88.64207
   -77.68861
   -62.00642
   -46.83396
   -35.38268
   -27.61648
   -22.15499
    -9.98994
    -0.33172
    -0.01089
     0.10995
     0.71794
    -0.02537
   -32.49149
   -75.22398
   -66.10488
   -56.50387
   -75.38757
   -92.05051
   -93.23808
   -77.33002
   -57.42314
   -41.33497
   -28.85311
   -23.45410
   -20.60098
   -17.29676
    -8.84646
    -0.18544
    -0.00868
     0.08621
     0.56603
     0.76560
   -18.25583
   -50.04400
   -63.10635
   -69.18875
   -75.43317
   -71.58251
   -52.61843
   -33.63180
   -22.27749
   -15.20803
   -13.81834
   -12.85275
   -10.90695
   -10.24081
    -5.57014
    -0.60903
    -0.00087
     0.03830
     0.31312
     0.78364
    -8.18888
   -27.51349
   -39.35203
   -44.29542
   -43.58895
   -30.29834
   -17.92581
    -9.75153
    -6.68033
    -6.10256
    -5.44176
    -4.35259
    -4.36050
    -4.86160
    -2.93955
    -0.37107
     0.00173
     0.00488
     0.03294
     0.88852
    -0.96968
   -11.41143
   -17.50012
   -18.97241
   -14.57415
    -8.28301
    -5.14109
    -2.83557
    -1.48985
    -1.64104
    -1.27169
    -0.68374
    -1.29389
    -2.69662
    -2.07092
    -0.16441
     0.00035
    -0.00156
    -0.00249
     0.37581
     0.75473
    -2.27025
    -4.23730
    -5.17574
    -3.46624
    -0.95673
    -0.43198
     0.10247
     0.28070
    -0.64275
    -1.31283
    -1.23562
    -0.81346
    -1.57260
    -0.94028
    -0.12092
    -0.00004
    -0.00129
    -0.00096
     0.11996
     0.30160
     0.46446
     0.31150
    -0.18325
    -0.31857
     0.47028
     0.85348
     0.96676
     0.78650
     0.02004
    -0.98289
    -0.78881
    -0.14240
    -0.10330
    -0.14150
     0.00380
     0.00000
     0.00003
    -0.00045
    -0.00528
     0.07309
     0.43011
     0.36247
     0.16343
     0.21441
     0.04455
    -0.13669
     0.03524
     0.16500
     0.05195
     0.01898
     0.05973
     0.03694
     0.01746
     0.01184
     0.00156
     0.00000
     0.00000
    -0.00000
    -0.00104
     0.01471
     0.04733
     0.01144
    -0.00793
    -0.00116
    -0.00204
    -0.01785
     0.01553
     0.05862
     0.01454
    -0.00075
    -0.00258
    -0.00122
     0.00048
    -0.00003
     0.00000

grad =

  -111.39689
     0.00000
     0.00000
     0.00000
     0.00001
    -0.00039
     0.00130
     0.00040
     0.00046
     0.01895
     0.00775
    -0.00068
    -0.00083
    -0.00064
    -0.00045
    -0.00195
    -0.00061
    -0.00045
    -0.00006
     0.00001
     0.00000
     0.00000
     0.00000
     0.00001
    -0.00063
     0.00431
    -0.00109
     0.00607
     0.09062
     0.20776
     0.09061
     0.02843
     0.04330
     0.02304
     0.00148
     0.02212
     0.00871
     0.00362
     0.00004
     0.00615
     0.00386
    -0.00000
    -0.00001
    -0.00014
     0.00115
     0.02800
     0.05689
     0.05074
     0.85583
     1.49790
     0.28639
    -0.21518
    -0.00511
    -0.15562
    -0.32974
    -0.31131
     0.02282
     0.04353
     0.09831
    -0.03852
    -0.05617
    -0.00000
    -0.00019
    -0.00038
     0.01893
     0.12756
     0.23599
     0.01203
    -0.40959
    -1.32749
    -2.12505
    -2.64222
    -2.95300
    -1.34722
     0.18444
     0.24346
     0.19482
     0.04953
    -0.36713
    -0.42837
    -0.08145
     0.00000
    -0.00015
    -0.00305
     0.03691
     0.23096
    -0.14850
    -2.21637
    -6.12425
   -10.66601
   -11.23826
    -9.81825
    -8.11156
    -4.58701
    -1.33897
    -0.97138
    -0.48272
    -0.26688
    -2.08521
    -2.06178
    -0.14766
    -0.00000
    -0.00044
    -0.00896
     0.15286
     0.29515
    -3.19081
   -10.28128
   -20.21082
   -32.40786
   -39.09863
   -33.69542
   -20.77790
    -9.36165
    -4.58265
    -3.38353
    -3.64765
    -5.64584
    -8.03163
    -6.10382
    -0.72341
    -0.00021
    -0.00211
    -0.00361
     0.31859
    -0.46483
    -9.95856
   -28.20035
   -49.89421
   -63.04217
   -62.98465
   -52.35495
   -37.85768
   -19.43780
    -7.99999
    -4.34216
    -8.63646
   -14.16629
   -15.68134
   -11.40792
    -1.34656
     0.00190
     0.01713
     0.00176
     0.36511
    -4.86048
   -27.27274
   -58.18355
   -73.09586
   -63.19824
   -54.29500
   -53.88503
   -47.64715
   -27.57890
   -13.24760
   -10.77447
   -19.07809
   -24.46901
   -26.01952
   -15.27862
    -0.88046
     0.00743
     0.07999
     0.17514
    -1.24075
   -13.30112
   -51.14845
   -76.21651
   -56.73937
   -32.22962
   -35.46862
   -50.92489
   -49.43570
   -31.45209
   -21.49251
   -24.46643
   -33.97762
   -37.36094
   -32.54088
   -16.80345
    -0.76741
     0.00393
     0.12970
     0.45765
    -0.79292
   -25.40178
   -73.37985
   -69.86669
   -28.05934
   -13.13012
   -31.31343
   -55.15726
   -51.95658
   -40.83326
   -38.74524
   -43.71043
   -46.62480
   -42.90844
   -32.49808
   -15.94011
    -0.52195
    -0.00152
     0.16796
     0.39165
    -0.61116
   -38.73863
   -84.00849
   -55.26726
   -16.65947
   -16.42750
   -42.67323
   -64.93397
   -64.21067
   -64.61234
   -61.62930
   -54.46182
   -46.47663
   -37.84168
   -27.53163
   -14.59699
    -1.41839
    -0.00171
     0.12994
     0.46527
    -1.02923
   -41.57801
   -84.72157
   -52.70096
   -26.21063
   -40.46036
   -69.20024
   -87.90769
   -88.64207
   -77.68861
   -62.00642
   -46.83396
   -35.38268
   -27.61648
   -22.15499
    -9.98994
    -0.33172
    -0.01089
     0.10995
     0.71794
    -0.02537
   -32.49149
   -75.22398
   -66.10488
   -56.50387
   -75.38757
   -92.05051
   -93.23808
   -77.33002
   -57.42314
   -41.33497
   -28.85311
   -23.45410
   -20.60098
   -17.29676
    -8.84646
    -0.18544
    -0.00868
     0.08621
     0.56603
     0.76560
   -18.25583
   -50.04400
   -63.10635
   -69.18875
   -75.43317
   -71.58251
   -52.61843
   -33.63180
   -22.27749
   -15.20803
   -13.81834
   -12.85275
   -10.90695
   -10.24081
    -5.57014
    -0.60903
    -0.00087
     0.03830
     0.31312
     0.78364
    -8.18888
   -27.51349
   -39.35203
   -44.29542
   -43.58895
   -30.29834
   -17.92581
    -9.75153
    -6.68033
    -6.10256
    -5.44176
    -4.35259
    -4.36050
    -4.86160
    -2.93955
    -0.37107
     0.00173
     0.00488
     0.03294
     0.88852
    -0.96968
   -11.41143
   -17.50012
   -18.97241
   -14.57415
    -8.28301
    -5.14109
    -2.83557
    -1.48985
    -1.64104
    -1.27169
    -0.68374
    -1.29389
    -2.69662
    -2.07092
    -0.16441
     0.00035
    -0.00156
    -0.00249
     0.37581
     0.75473
    -2.27025
    -4.23730
    -5.17574
    -3.46624
    -0.95673
    -0.43198
     0.10247
     0.28070
    -0.64275
    -1.31283
    -1.23562
    -0.81346
    -1.57260
    -0.94028
    -0.12092
    -0.00004
    -0.00129
    -0.00096
     0.11996
     0.30160
     0.46446
     0.31150
    -0.18325
    -0.31857
     0.47028
     0.85348
     0.96676
     0.78650
     0.02004
    -0.98289
    -0.78881
    -0.14240
    -0.10330
    -0.14150
     0.00380
     0.00000
     0.00003
    -0.00045
    -0.00528
     0.07309
     0.43011
     0.36247
     0.16343
     0.21441
     0.04455
    -0.13669
     0.03524
     0.16500
     0.05195
     0.01898
     0.05973
     0.03694
     0.01746
     0.01184
     0.00156
     0.00000
     0.00000
    -0.00000
    -0.00104
     0.01471
     0.04733
     0.01144
    -0.00793
    -0.00116
    -0.00204
    -0.01785
     0.01553
     0.05862
     0.01454
    -0.00075
    -0.00258
    -0.00122
     0.00048
    -0.00003
     0.00000

grad =

  -0.022279
   0.000000
   0.000000
   0.000000
   0.000000
  -0.000000
   0.000000
   0.000000
   0.000000
   0.000004
   0.000002
  -0.000000
  -0.000000
  -0.000000
  -0.000000
  -0.000000
  -0.000000
  -0.000000
  -0.000000
   0.000000
   0.000000
   0.000000
   0.000000
   0.000000
  -0.000000
   0.000001
  -0.000000
   0.000001
   0.000018
   0.000042
   0.000018
   0.000006
   0.000009
   0.000005
   0.000000
   0.000004
   0.000002
   0.000001
   0.000000
   0.000001
   0.000001
  -0.000000
  -0.000000
  -0.000000
   0.000000
   0.000006
   0.000011
   0.000010
   0.000171
   0.000300
   0.000057
  -0.000043
  -0.000001
  -0.000031
  -0.000066
  -0.000062
   0.000005
   0.000009
   0.000020
  -0.000008
  -0.000011
  -0.000000
  -0.000000
  -0.000000
   0.000004
   0.000026
   0.000047
   0.000002
  -0.000082
  -0.000265
  -0.000425
  -0.000528
  -0.000591
  -0.000269
   0.000037
   0.000049
   0.000039
   0.000010
  -0.000073
  -0.000086
  -0.000016
   0.000000
  -0.000000
  -0.000001
   0.000007
   0.000046
  -0.000030
  -0.000443
  -0.001225
  -0.002133
  -0.002248
  -0.001964
  -0.001622
  -0.000917
  -0.000268
  -0.000194
  -0.000097
  -0.000053
  -0.000417
  -0.000412
  -0.000030
  -0.000000
  -0.000000
  -0.000002
   0.000031
   0.000059
  -0.000638
  -0.002056
  -0.004042
  -0.006482
  -0.007820
  -0.006739
  -0.004156
  -0.001872
  -0.000917
  -0.000677
  -0.000730
  -0.001129
  -0.001606
  -0.001221
  -0.000145
  -0.000000
  -0.000000
  -0.000001
   0.000064
  -0.000093
  -0.001992
  -0.005640
  -0.009979
  -0.012608
  -0.012597
  -0.010471
  -0.007572
  -0.003888
  -0.001600
  -0.000868
  -0.001727
  -0.002833
  -0.003136
  -0.002282
  -0.000269
   0.000000
   0.000003
   0.000000
   0.000073
  -0.000972
  -0.005455
  -0.011637
  -0.014619
  -0.012640
  -0.010859
  -0.010777
  -0.009529
  -0.005516
  -0.002650
  -0.002155
  -0.003816
  -0.004894
  -0.005204
  -0.003056
  -0.000176
   0.000001
   0.000016
   0.000035
  -0.000248
  -0.002660
  -0.010230
  -0.015243
  -0.011348
  -0.006446
  -0.007094
  -0.010185
  -0.009887
  -0.006290
  -0.004299
  -0.004893
  -0.006796
  -0.007472
  -0.006508
  -0.003361
  -0.000153
   0.000001
   0.000026
   0.000092
  -0.000159
  -0.005080
  -0.014676
  -0.013973
  -0.005612
  -0.002626
  -0.006263
  -0.011031
  -0.010391
  -0.008167
  -0.007749
  -0.008742
  -0.009325
  -0.008582
  -0.006500
  -0.003188
  -0.000104
  -0.000000
   0.000034
   0.000078
  -0.000122
  -0.007748
  -0.016802
  -0.011053
  -0.003332
  -0.003285
  -0.008535
  -0.012987
  -0.012842
  -0.012922
  -0.012326
  -0.010892
  -0.009295
  -0.007568
  -0.005506
  -0.002919
  -0.000284
  -0.000000
   0.000026
   0.000093
  -0.000206
  -0.008316
  -0.016944
  -0.010540
  -0.005242
  -0.008092
  -0.013840
  -0.017582
  -0.017728
  -0.015538
  -0.012401
  -0.009367
  -0.007077
  -0.005523
  -0.004431
  -0.001998
  -0.000066
  -0.000002
   0.000022
   0.000144
  -0.000005
  -0.006498
  -0.015045
  -0.013221
  -0.011301
  -0.015078
  -0.018410
  -0.018648
  -0.015466
  -0.011485
  -0.008267
  -0.005771
  -0.004691
  -0.004120
  -0.003459
  -0.001769
  -0.000037
  -0.000002
   0.000017
   0.000113
   0.000153
  -0.003651
  -0.010009
  -0.012621
  -0.013838
  -0.015087
  -0.014317
  -0.010524
  -0.006726
  -0.004455
  -0.003042
  -0.002764
  -0.002571
  -0.002181
  -0.002048
  -0.001114
  -0.000122
  -0.000000
   0.000008
   0.000063
   0.000157
  -0.001638
  -0.005503
  -0.007870
  -0.008859
  -0.008718
  -0.006060
  -0.003585
  -0.001950
  -0.001336
  -0.001221
  -0.001088
  -0.000871
  -0.000872
  -0.000972
  -0.000588
  -0.000074
   0.000000
   0.000001
   0.000007
   0.000178
  -0.000194
  -0.002282
  -0.003500
  -0.003794
  -0.002915
  -0.001657
  -0.001028
  -0.000567
  -0.000298
  -0.000328
  -0.000254
  -0.000137
  -0.000259
  -0.000539
  -0.000414
  -0.000033
   0.000000
  -0.000000
  -0.000000
   0.000075
   0.000151
  -0.000454
  -0.000847
  -0.001035
  -0.000693
  -0.000191
  -0.000086
   0.000020
   0.000056
  -0.000129
  -0.000263
  -0.000247
  -0.000163
  -0.000315
  -0.000188
  -0.000024
  -0.000000
  -0.000000
  -0.000000
   0.000024
   0.000060
   0.000093
   0.000062
  -0.000037
  -0.000064
   0.000094
   0.000171
   0.000193
   0.000157
   0.000004
  -0.000197
  -0.000158
  -0.000028
  -0.000021
  -0.000028
   0.000001
   0.000000
   0.000000
  -0.000000
  -0.000001
   0.000015
   0.000086
   0.000072
   0.000033
   0.000043
   0.000009
  -0.000027
   0.000007
   0.000033
   0.000010
   0.000004
   0.000012
   0.000007
   0.000003
   0.000002
   0.000000
   0.000000
   0.000000
  -0.000000
  -0.000000
   0.000003
   0.000009
   0.000002
  -0.000002
  -0.000000
  -0.000000
  -0.000004
   0.000003
   0.000012
   0.000003
  -0.000000
  -0.000001
  -0.000000
   0.000000
  -0.000000
   0.000000

J =  451.55
J =  0.090310
s =  51.954
J =  0.090830
grad =

   -4.04489
    0.00000
    0.00000
    0.00000
    0.00002
   -0.00074
    0.00331
    0.00081
   -0.00099
    0.02585
    0.01174
   -0.00089
   -0.00126
   -0.00254
   -0.00301
   -0.00360
   -0.00129
   -0.00116
   -0.00016
    0.00002
    0.00000
    0.00000
    0.00001
    0.00003
   -0.00166
    0.00806
   -0.00522
   -0.00760
    0.12692
    0.31643
    0.07162
   -0.02939
    0.01964
    0.03218
    0.01476
    0.02607
    0.01070
    0.00951
   -0.00221
    0.00298
    0.00295
   -0.00000
   -0.00004
   -0.00041
    0.00397
    0.07317
    0.14220
    0.22579
    1.56948
    2.63942
    1.26257
    0.50451
    0.33748
    0.09155
    0.02358
   -0.02058
    0.10451
    0.06147
    0.12797
   -0.02629
   -0.04953
   -0.00000
   -0.00057
   -0.00126
    0.06167
    0.29595
    0.80337
    1.28190
    2.74425
    3.28473
    2.73658
    1.41397
   -0.57222
   -0.24641
    1.23270
    1.16110
    0.60634
    0.26143
   -0.06545
   -0.16442
   -0.01344
    0.00000
   -0.00049
   -0.00626
    0.07405
    0.72134
    1.62431
    2.39085
    2.85151
    2.03212
    3.22825
    3.00432
    0.45377
   -0.45188
    0.87391
    0.62382
    0.73150
    0.86354
   -0.63895
   -0.94990
    0.08973
    0.00000
   -0.00106
   -0.02088
    0.27131
    1.28918
    1.95894
    3.85494
    5.56144
    3.49991
    1.06825
    0.95386
    2.32327
    1.42157
   -0.16979
   -0.76486
   -1.13444
   -1.76208
   -2.96608
   -2.51691
   -0.27195
   -0.00033
   -0.00317
   -0.02641
    0.46055
    1.91882
    3.73740
    4.26296
    1.38904
   -2.92548
   -3.35559
   -0.53241
    1.44763
    1.49274
   -0.14508
    0.07414
   -3.19036
   -5.20370
   -4.92680
   -4.62200
   -0.65175
    0.00334
    0.02509
   -0.03905
    0.72658
    1.83088
    3.30527
   -0.36377
   -6.98019
   -6.40948
   -2.79929
   -0.72233
    0.29891
    1.62684
   -0.49565
   -2.41869
   -6.86904
   -6.60339
   -6.43842
   -4.11971
    0.19183
    0.01198
    0.10878
    0.14960
   -0.07831
    1.44812
    0.68297
   -5.75999
   -4.39185
   -0.55600
   -1.92194
   -2.16829
   -0.20260
    0.23373
   -4.24173
   -7.50039
  -10.33411
   -8.21857
   -5.01615
   -2.97230
    0.75124
    0.00757
    0.18455
    0.53773
    1.04541
   -0.32621
   -5.54657
   -6.42493
    1.32756
    2.53925
   -2.78644
   -5.45515
   -2.21839
   -5.24089
  -10.43970
  -11.74999
  -10.07896
   -4.77928
   -0.68564
   -1.47156
    1.14895
   -0.00263
    0.23193
    0.46877
    1.44078
   -4.58577
  -10.70824
   -3.57590
    1.93495
    1.91019
   -4.19763
   -6.81728
   -5.87552
  -12.21547
  -12.38597
   -6.86766
   -2.15476
    2.21826
    3.61580
   -1.19951
    0.01489
   -0.00671
    0.20346
    0.58455
    1.23658
   -6.52905
  -12.53869
   -1.15611
    4.01905
   -0.59021
   -7.25549
  -11.69529
  -12.17855
   -7.89965
   -2.93534
    3.05256
    5.98502
    6.86101
    3.71888
    1.12392
    0.48206
   -0.02249
    0.22105
    0.98162
    2.18349
   -5.73055
  -11.82331
   -6.01509
   -2.61619
   -9.30340
  -12.38433
  -11.03088
   -2.96890
    3.46935
    5.64592
    8.34163
    6.46376
    4.93497
    2.58022
   -0.39646
    0.50089
   -0.01723
    0.17456
    0.79512
    2.12854
   -2.29136
   -6.07839
   -8.06512
  -10.14299
  -10.80432
   -8.79524
    0.59055
    7.78131
    8.41207
    8.31641
    5.62751
    3.76742
    4.23893
    1.92560
   -1.26959
   -0.29821
   -0.00131
    0.07271
    0.45699
    1.64721
   -0.29550
   -3.82732
   -4.88865
   -5.58238
   -5.55058
    0.85831
    4.99104
    6.90084
    4.93900
    2.56264
    2.12926
    2.97844
    3.06789
    0.93607
   -0.98435
   -0.23994
    0.00332
    0.00920
    0.06411
    1.31512
    1.54840
   -3.15175
   -3.18862
   -2.74115
   -1.02274
    1.52779
    1.44868
    2.19336
    2.44400
    1.29902
    1.39065
    2.10629
    1.58681
   -0.35796
   -1.20060
   -0.00412
    0.00063
   -0.00245
   -0.00200
    0.57923
    1.50775
    0.10209
    0.08717
   -0.30108
   -0.27291
    1.10304
    1.19307
    1.62413
    1.92898
    0.83993
   -0.03166
   -0.20651
   -0.01103
   -0.86078
   -0.67504
   -0.07407
   -0.00008
   -0.00206
   -0.00162
    0.18365
    0.56427
    1.25395
    1.26391
    0.66762
    0.16378
    0.95789
    1.36816
    1.54787
    1.32618
    0.33263
   -0.72774
   -0.56513
   -0.05545
   -0.06568
   -0.12120
    0.00012
    0.00000
    0.00005
   -0.00084
   -0.01052
    0.15301
    0.87360
    0.70908
    0.25964
    0.28029
    0.12321
   -0.05795
    0.18947
    0.27132
    0.06111
    0.00194
    0.07318
    0.04888
    0.00741
    0.00813
    0.00132
    0.00000
    0.00000
   -0.00002
   -0.00221
    0.03316
    0.11279
    0.03463
   -0.01905
   -0.00387
   -0.00135
   -0.01244
    0.05464
    0.10961
    0.02586
   -0.00151
   -0.00406
   -0.00167
    0.00086
   -0.00005
    0.00000

grad =

   -3.68317
    0.00000
    0.00000
    0.00000
    0.00002
   -0.00074
    0.00331
    0.00081
   -0.00099
    0.02585
    0.01174
   -0.00089
   -0.00126
   -0.00254
   -0.00301
   -0.00360
   -0.00129
   -0.00116
   -0.00016
    0.00002
    0.00000
    0.00000
    0.00001
    0.00003
   -0.00166
    0.00806
   -0.00522
   -0.00760
    0.12692
    0.31643
    0.07162
   -0.02939
    0.01964
    0.03218
    0.01476
    0.02607
    0.01070
    0.00951
   -0.00221
    0.00298
    0.00295
   -0.00000
   -0.00004
   -0.00041
    0.00397
    0.07317
    0.14220
    0.22579
    1.56948
    2.63942
    1.26257
    0.50451
    0.33748
    0.09155
    0.02358
   -0.02058
    0.10451
    0.06147
    0.12797
   -0.02629
   -0.04953
   -0.00000
   -0.00057
   -0.00126
    0.06167
    0.29595
    0.80337
    1.28190
    2.74425
    3.28473
    2.73658
    1.41397
   -0.57222
   -0.24641
    1.23270
    1.16110
    0.60634
    0.26143
   -0.06545
   -0.16442
   -0.01344
    0.00000
   -0.00049
   -0.00626
    0.07405
    0.72134
    1.62431
    2.39085
    2.85151
    2.03212
    3.22825
    3.00432
    0.45377
   -0.45188
    0.87391
    0.62382
    0.73150
    0.86354
   -0.63895
   -0.94990
    0.08973
    0.00000
   -0.00106
   -0.02088
    0.27131
    1.28918
    1.95894
    3.85494
    5.56144
    3.49991
    1.06825
    0.95386
    2.32327
    1.42157
   -0.16979
   -0.76486
   -1.13444
   -1.76208
   -2.96608
   -2.51691
   -0.27195
   -0.00033
   -0.00317
   -0.02641
    0.46055
    1.91882
    3.73740
    4.26296
    1.38904
   -2.92548
   -3.35559
   -0.53241
    1.44763
    1.49274
   -0.14508
    0.07414
   -3.19036
   -5.20370
   -4.92680
   -4.62200
   -0.65175
    0.00334
    0.02509
   -0.03905
    0.72658
    1.83088
    3.30527
   -0.36377
   -6.98019
   -6.40948
   -2.79929
   -0.72233
    0.29891
    1.62684
   -0.49565
   -2.41869
   -6.86904
   -6.60339
   -6.43842
   -4.11971
    0.19183
    0.01198
    0.10878
    0.14960
   -0.07831
    1.44812
    0.68297
   -5.75999
   -4.39185
   -0.55600
   -1.92194
   -2.16829
   -0.20260
    0.23373
   -4.24173
   -7.50039
  -10.33411
   -8.21857
   -5.01615
   -2.97230
    0.75124
    0.00757
    0.18455
    0.53773
    1.04541
   -0.32621
   -5.54657
   -6.42493
    1.32756
    2.53925
   -2.78644
   -5.45515
   -2.21839
   -5.24089
  -10.43970
  -11.74999
  -10.07896
   -4.77928
   -0.68564
   -1.47156
    1.14895
   -0.00263
    0.23193
    0.46877
    1.44078
   -4.58577
  -10.70824
   -3.57590
    1.93495
    1.91019
   -4.19763
   -6.81728
   -5.87552
  -12.21547
  -12.38597
   -6.86766
   -2.15476
    2.21826
    3.61580
   -1.19951
    0.01489
   -0.00671
    0.20346
    0.58455
    1.23658
   -6.52905
  -12.53869
   -1.15611
    4.01905
   -0.59021
   -7.25549
  -11.69529
  -12.17855
   -7.89965
   -2.93534
    3.05256
    5.98502
    6.86101
    3.71888
    1.12392
    0.48206
   -0.02249
    0.22105
    0.98162
    2.18349
   -5.73055
  -11.82331
   -6.01509
   -2.61619
   -9.30340
  -12.38433
  -11.03088
   -2.96890
    3.46935
    5.64592
    8.34163
    6.46376
    4.93497
    2.58022
   -0.39646
    0.50089
   -0.01723
    0.17456
    0.79512
    2.12854
   -2.29136
   -6.07839
   -8.06512
  -10.14299
  -10.80432
   -8.79524
    0.59055
    7.78131
    8.41207
    8.31641
    5.62751
    3.76742
    4.23893
    1.92560
   -1.26959
   -0.29821
   -0.00131
    0.07271
    0.45699
    1.64721
   -0.29550
   -3.82732
   -4.88865
   -5.58238
   -5.55058
    0.85831
    4.99104
    6.90084
    4.93900
    2.56264
    2.12926
    2.97844
    3.06789
    0.93607
   -0.98435
   -0.23994
    0.00332
    0.00920
    0.06411
    1.31512
    1.54840
   -3.15175
   -3.18862
   -2.74115
   -1.02274
    1.52779
    1.44868
    2.19336
    2.44400
    1.29902
    1.39065
    2.10629
    1.58681
   -0.35796
   -1.20060
   -0.00412
    0.00063
   -0.00245
   -0.00200
    0.57923
    1.50775
    0.10209
    0.08717
   -0.30108
   -0.27291
    1.10304
    1.19307
    1.62413
    1.92898
    0.83993
   -0.03166
   -0.20651
   -0.01103
   -0.86078
   -0.67504
   -0.07407
   -0.00008
   -0.00206
   -0.00162
    0.18365
    0.56427
    1.25395
    1.26391
    0.66762
    0.16378
    0.95789
    1.36816
    1.54787
    1.32618
    0.33263
   -0.72774
   -0.56513
   -0.05545
   -0.06568
   -0.12120
    0.00012
    0.00000
    0.00005
   -0.00084
   -0.01052
    0.15301
    0.87360
    0.70908
    0.25964
    0.28029
    0.12321
   -0.05795
    0.18947
    0.27132
    0.06111
    0.00194
    0.07318
    0.04888
    0.00741
    0.00813
    0.00132
    0.00000
    0.00000
   -0.00002
   -0.00221
    0.03316
    0.11279
    0.03463
   -0.01905
   -0.00387
   -0.00135
   -0.01244
    0.05464
    0.10961
    0.02586
   -0.00151
   -0.00406
   -0.00167
    0.00086
   -0.00005
    0.00000

grad =

  -0.0007366
   0.0000000
   0.0000000
   0.0000000
   0.0000000
  -0.0000001
   0.0000007
   0.0000002
  -0.0000002
   0.0000052
   0.0000023
  -0.0000002
  -0.0000003
  -0.0000005
  -0.0000006
  -0.0000007
  -0.0000003
  -0.0000002
  -0.0000000
   0.0000000
   0.0000000
   0.0000000
   0.0000000
   0.0000000
  -0.0000003
   0.0000016
  -0.0000010
  -0.0000015
   0.0000254
   0.0000633
   0.0000143
  -0.0000059
   0.0000039
   0.0000064
   0.0000030
   0.0000052
   0.0000021
   0.0000019
  -0.0000004
   0.0000006
   0.0000006
  -0.0000000
  -0.0000000
  -0.0000001
   0.0000008
   0.0000146
   0.0000284
   0.0000452
   0.0003139
   0.0005279
   0.0002525
   0.0001009
   0.0000675
   0.0000183
   0.0000047
  -0.0000041
   0.0000209
   0.0000123
   0.0000256
  -0.0000053
  -0.0000099
  -0.0000000
  -0.0000001
  -0.0000003
   0.0000123
   0.0000592
   0.0001607
   0.0002564
   0.0005489
   0.0006569
   0.0005473
   0.0002828
  -0.0001144
  -0.0000493
   0.0002465
   0.0002322
   0.0001213
   0.0000523
  -0.0000131
  -0.0000329
  -0.0000027
   0.0000000
  -0.0000001
  -0.0000013
   0.0000148
   0.0001443
   0.0003249
   0.0004782
   0.0005703
   0.0004064
   0.0006457
   0.0006009
   0.0000908
  -0.0000904
   0.0001748
   0.0001248
   0.0001463
   0.0001727
  -0.0001278
  -0.0001900
   0.0000179
   0.0000000
  -0.0000002
  -0.0000042
   0.0000543
   0.0002578
   0.0003918
   0.0007710
   0.0011123
   0.0007000
   0.0002137
   0.0001908
   0.0004647
   0.0002843
  -0.0000340
  -0.0001530
  -0.0002269
  -0.0003524
  -0.0005932
  -0.0005034
  -0.0000544
  -0.0000001
  -0.0000006
  -0.0000053
   0.0000921
   0.0003838
   0.0007475
   0.0008526
   0.0002778
  -0.0005851
  -0.0006711
  -0.0001065
   0.0002895
   0.0002985
  -0.0000290
   0.0000148
  -0.0006381
  -0.0010407
  -0.0009854
  -0.0009244
  -0.0001304
   0.0000007
   0.0000050
  -0.0000078
   0.0001453
   0.0003662
   0.0006611
  -0.0000728
  -0.0013960
  -0.0012819
  -0.0005599
  -0.0001445
   0.0000598
   0.0003254
  -0.0000991
  -0.0004837
  -0.0013738
  -0.0013207
  -0.0012877
  -0.0008239
   0.0000384
   0.0000024
   0.0000218
   0.0000299
  -0.0000157
   0.0002896
   0.0001366
  -0.0011520
  -0.0008784
  -0.0001112
  -0.0003844
  -0.0004337
  -0.0000405
   0.0000467
  -0.0008483
  -0.0015001
  -0.0020668
  -0.0016437
  -0.0010032
  -0.0005945
   0.0001502
   0.0000015
   0.0000369
   0.0001075
   0.0002091
  -0.0000652
  -0.0011093
  -0.0012850
   0.0002655
   0.0005078
  -0.0005573
  -0.0010910
  -0.0004437
  -0.0010482
  -0.0020879
  -0.0023500
  -0.0020158
  -0.0009559
  -0.0001371
  -0.0002943
   0.0002298
  -0.0000005
   0.0000464
   0.0000938
   0.0002882
  -0.0009172
  -0.0021416
  -0.0007152
   0.0003870
   0.0003820
  -0.0008395
  -0.0013635
  -0.0011751
  -0.0024431
  -0.0024772
  -0.0013735
  -0.0004310
   0.0004437
   0.0007232
  -0.0002399
   0.0000030
  -0.0000013
   0.0000407
   0.0001169
   0.0002473
  -0.0013058
  -0.0025077
  -0.0002312
   0.0008038
  -0.0001180
  -0.0014511
  -0.0023391
  -0.0024357
  -0.0015799
  -0.0005871
   0.0006105
   0.0011970
   0.0013722
   0.0007438
   0.0002248
   0.0000964
  -0.0000045
   0.0000442
   0.0001963
   0.0004367
  -0.0011461
  -0.0023647
  -0.0012030
  -0.0005232
  -0.0018607
  -0.0024769
  -0.0022062
  -0.0005938
   0.0006939
   0.0011292
   0.0016683
   0.0012928
   0.0009870
   0.0005160
  -0.0000793
   0.0001002
  -0.0000034
   0.0000349
   0.0001590
   0.0004257
  -0.0004583
  -0.0012157
  -0.0016130
  -0.0020286
  -0.0021609
  -0.0017590
   0.0001181
   0.0015563
   0.0016824
   0.0016633
   0.0011255
   0.0007535
   0.0008478
   0.0003851
  -0.0002539
  -0.0000596
  -0.0000003
   0.0000145
   0.0000914
   0.0003294
  -0.0000591
  -0.0007655
  -0.0009777
  -0.0011165
  -0.0011101
   0.0001717
   0.0009982
   0.0013802
   0.0009878
   0.0005125
   0.0004259
   0.0005957
   0.0006136
   0.0001872
  -0.0001969
  -0.0000480
   0.0000007
   0.0000018
   0.0000128
   0.0002630
   0.0003097
  -0.0006303
  -0.0006377
  -0.0005482
  -0.0002045
   0.0003056
   0.0002897
   0.0004387
   0.0004888
   0.0002598
   0.0002781
   0.0004213
   0.0003174
  -0.0000716
  -0.0002401
  -0.0000008
   0.0000001
  -0.0000005
  -0.0000004
   0.0001158
   0.0003015
   0.0000204
   0.0000174
  -0.0000602
  -0.0000546
   0.0002206
   0.0002386
   0.0003248
   0.0003858
   0.0001680
  -0.0000063
  -0.0000413
  -0.0000022
  -0.0001722
  -0.0001350
  -0.0000148
  -0.0000000
  -0.0000004
  -0.0000003
   0.0000367
   0.0001129
   0.0002508
   0.0002528
   0.0001335
   0.0000328
   0.0001916
   0.0002736
   0.0003096
   0.0002652
   0.0000665
  -0.0001455
  -0.0001130
  -0.0000111
  -0.0000131
  -0.0000242
   0.0000000
   0.0000000
   0.0000000
  -0.0000002
  -0.0000021
   0.0000306
   0.0001747
   0.0001418
   0.0000519
   0.0000561
   0.0000246
  -0.0000116
   0.0000379
   0.0000543
   0.0000122
   0.0000004
   0.0000146
   0.0000098
   0.0000015
   0.0000016
   0.0000003
   0.0000000
   0.0000000
  -0.0000000
  -0.0000004
   0.0000066
   0.0000226
   0.0000069
  -0.0000038
  -0.0000008
  -0.0000003
  -0.0000025
   0.0000109
   0.0000219
   0.0000052
  -0.0000003
  -0.0000008
  -0.0000003
   0.0000002
  -0.0000000
   0.0000000

Iteration    25 | Cost: 9.082974e-002